1	AEQ_003	(0)	1	0.000	1.000
2	AEQ_004	(0)	1	0.000	1.000
3	AEQ_005	(1)	1	0.000	1.000
4	AEQ_006	(0)	1	0.000	1.000
5	AEQ_024	(0)	1	0.000	1.000
6	AEQ_025	(3)	1	0.007	0.993
7	ASJ001_06	(1)	2	0.025	0.975
8	ASJ001_08	(0)	2	0.008	0.992
9	ASJ001_09	(0)	2	0.051	0.949
10	ASJ001_10	(0)	2	0.006	0.994
11	ASJ001_12	(0)	2	0.024	0.976
12	ASJ004_21	(0)	2	0.023	0.977
13	ASJ004_22	(0)	2	0.018	0.982
14	ASJ006_01	(0)	2	0.011	0.989
15	ASJ006_02	(0)	2	0.009	0.991
16	ASJ007_02	(0)	2	0.030	0.970
17	ASJ007_03	(0)	2	0.028	0.972
18	Amac_001	(0)	3	0.046	0.954
19	Amac_002	(0)	3	0.097	0.903
20	Amac_003	(0)	3	0.166	0.834
21	Amac_004	(0)	3	0.083	0.917
22	Amac_007	(0)	3	0.048	0.952
23	Amac_008	(1)	3	0.049	0.951
24	Amac_016	(0)	3	0.035	0.965
25	Amac_018	(0)	3	0.049	0.951
26	Amac_020	(0)	3	0.110	0.890
27	Amac_022	(0)	3	0.153	0.847
28	Amac_027	(0)	3	0.044	0.956
29	C_Mad_051	(0)	4	0.158	0.842
30	C_Mad_052	(0)	4	0.192	0.808
31	C_Mad_055	(0)	4	0.154	0.846
32	C_Mad_058	(0)	4	0.308	0.692
33	Cairns_001	(1)	5	0.006	0.994
34	Cairns_005	(0)	5	0.000	1.000
35	Cairns_011	(1)	5	0.011	0.989
36	Cairns_013	(0)	5	0.008	0.992
37	Cairns_014	(0)	5	0.000	1.000
38	Cairns_015	(0)	5	0.037	0.963
39	Cairns_016	(0)	5	0.000	1.000
40	Cairns_017	(0)	5	0.040	0.960
41	Cairns_018	(0)	5	0.001	0.999
42	Cairns_022	(0)	5	0.008	0.992
43	Cairns_024	(0)	5	0.000	1.000
44	Cairns_025	(0)	5	0.045	0.955
45	Cal_022	(0)	6	0.219	0.781
46	Cal_023	(0)	6	0.236	0.764
47	CaliA_007	(0)	7	0.001	0.999
48	CaliA_008	(0)	7	0.002	0.998
49	CaliA_009	(0)	7	0.012	0.988
50	CaliA_010	(0)	7	0.017	0.983
51	CaliA_012	(0)	7	0.021	0.979
52	CaliA_013	(0)	7	0.016	0.984
53	CaliB_006	(0)	8	0.002	0.998
54	CaliB_007	(0)	8	0.001	0.999
55	CaliB_008	(1)	8	0.004	0.996
56	CaliB_009	(0)	8	0.012	0.988
57	CaliB_011	(0)	8	0.009	0.991
58	CaliB_012	(0)	8	0.016	0.984
59	Clovis_059	(1)	9	0.259	0.741
60	Clovis_062	(0)	9	0.226	0.774
61	D10w26_007	(1)	10	0.215	0.785
62	D10w29_009	(0)	10	0.220	0.780
63	D10w29_010	(0)	10	0.200	0.800
64	D11w25_001	(1)	10	0.177	0.823
65	D11w40_011	(0)	10	0.114	0.886
66	D11w40_012	(0)	10	0.164	0.836
67	D6w27_008	(0)	10	0.220	0.780
68	D6w30_005	(0)	10	0.228	0.772
69	D6w40_003	(0)	10	0.087	0.913
70	D7w26_004	(0)	10	0.201	0.799
71	D7w26_005	(0)	10	0.153	0.847
72	D7w30_004	(0)	10	0.201	0.799
73	FP_014	(0)	11	0.000	1.000
74	FP_027	(0)	11	0.010	0.990
75	FP_029	(0)	11	0.004	0.996
76	FP_037	(0)	11	0.001	0.999
77	FP_038	(0)	11	0.014	0.986
78	FP_040	(0)	11	0.001	0.999
79	FP_041	(0)	11	0.024	0.976
80	FP_042	(0)	11	0.003	0.997
81	FP_043	(0)	11	0.015	0.985
82	FP_046	(0)	11	0.016	0.984
83	FP_047	(0)	11	0.001	0.999
84	FP_048	(0)	11	0.006	0.994
85	Goud_001	(2)	12	0.624	0.376
86	Goud_003	(0)	12	0.803	0.197
87	Goud_004	(1)	12	0.983	0.017
88	Goud_005	(1)	12	0.733	0.267
89	Goud_006	(0)	12	0.671	0.329
90	Goud_007	(0)	12	0.633	0.367
91	Goud_008	(1)	12	0.762	0.238
92	Goud_009	(0)	12	0.453	0.547
93	Goud_010	(0)	12	0.602	0.398
94	Goud_011	(1)	12	0.624	0.376
95	Goud_012	(0)	12	0.606	0.394
96	Goud_02	(0)	12	0.417	0.583
97	HW_001	(0)	13	0.001	0.999
98	HW_002	(0)	13	0.000	1.000
99	HW_003	(2)	13	0.009	0.991
100	HW_004	(0)	13	0.005	0.995
101	HW_016	(0)	13	0.000	1.000
102	HW_019	(0)	13	0.014	0.986
103	Jac_001	(0)	14	0.000	1.000
104	Jac_002	(0)	14	0.009	0.991
105	Jac_003	(0)	14	0.000	1.000
106	Jac_004	(0)	14	0.013	0.987
107	Jac_005	(0)	14	0.000	1.000
108	Jac_006	(0)	14	0.000	1.000
109	Jac_007	(0)	14	0.000	1.000
110	Jac_008	(0)	14	0.000	1.000
111	Jac_009	(0)	14	0.000	1.000
112	Jac_010	(0)	14	0.008	0.992
113	Jac_011	(0)	14	0.000	1.000
114	Jac_012	(0)	14	0.000	1.000
115	Jac_013	(0)	14	0.000	1.000
116	Jac_014	(0)	14	0.001	0.999
117	Jac_015	(0)	14	0.001	0.999
118	Jac_016	(0)	14	0.000	1.000
119	Jac_017	(0)	14	0.000	1.000
120	Jac_018	(0)	14	0.001	0.999
121	Jac_019	(0)	14	0.000	1.000
122	Jac_020	(0)	14	0.000	1.000
123	Jac_021	(0)	14	0.000	1.000
124	Jac_022	(0)	14	0.000	1.000
125	Jac_023	(0)	14	0.000	1.000
126	Jac_024	(0)	14	0.000	1.000
127	Jac_025	(0)	14	0.000	1.000
128	Jac_026	(0)	14	0.005	0.995
129	Jac_027	(0)	14	0.000	1.000
130	Jac_028	(0)	14	0.000	1.000
131	Jac_036	(0)	14	0.155	0.845
132	Jac_041	(0)	14	0.000	1.000
133	Jac_076	(0)	14	0.000	1.000
134	Jac_078	(0)	14	0.000	1.000
135	Jac_079	(0)	14	0.005	0.995
136	Jac_081	(0)	14	0.000	1.000
137	Jac_082	(0)	14	0.000	1.000
138	Jac_083	(0)	14	0.000	1.000
139	Jac_086	(0)	14	0.000	1.000
140	Jac_090	(0)	14	0.000	1.000
141	Jac_091	(0)	14	0.000	1.000
142	Jac_092	(0)	14	0.000	1.000
143	Jac_094	(0)	14	0.000	1.000
144	Lun_001	(1)	15	1.000	0.000
145	Lun_008	(1)	15	1.000	0.000
146	Lun_009	(1)	15	1.000	0.000
147	Lun_010	(1)	15	1.000	0.000
148	Lun_011	(0)	15	1.000	0.000
149	Lun_012	(1)	15	1.000	0.000
150	Lun_013	(1)	15	1.000	0.000
151	Lun_014	(1)	15	0.999	0.001
152	Lun_015	(3)	15	0.969	0.031
153	Lun_016	(1)	15	1.000	0.000
154	Lun_017	(1)	15	1.000	0.000
155	Lun_02	(1)	15	1.000	0.000
156	Mar_001	(0)	16	0.012	0.988
157	Mar_003	(0)	16	0.000	1.000
158	Mar_004	(0)	16	0.000	1.000
159	Mar_005	(0)	16	0.000	1.000
160	Mar_006	(0)	16	0.001	0.999
161	Mar_007	(0)	16	0.000	1.000
162	Mar_008	(0)	16	0.002	0.998
163	Mar_009	(0)	16	0.017	0.983
164	Mar_011	(0)	16	0.001	0.999
165	Mar_012	(0)	16	0.004	0.996
166	Mar_013	(0)	16	0.043	0.957
167	Mar_02	(0)	16	0.015	0.985
168	NK_001	(12)	17	0.179	0.821
169	NK_002	(0)	17	0.103	0.897
170	NK_004	(2)	17	0.059	0.941
171	NK_006	(7)	17	0.097	0.903
172	NK_007	(0)	17	0.057	0.943
173	NK_008	(2)	17	0.080	0.920
174	NK_011	(3)	17	0.081	0.919
175	NK_012	(23)	17	0.199	0.801
176	NK_013	(2)	17	0.061	0.939
177	NK_016	(0)	17	0.070	0.930
178	NK_019	(0)	17	0.152	0.848
179	PR_045	(0)	18	0.052	0.948
180	PR_046	(0)	18	0.043	0.957
181	PR_047	(0)	18	0.030	0.970
182	PR_048	(0)	18	0.045	0.955
183	PR_049	(0)	18	0.028	0.972
184	PR_051	(0)	18	0.067	0.933
185	PR_052	(0)	18	0.047	0.953
186	PR_053	(0)	18	0.016	0.984
187	PR_054	(0)	18	0.016	0.984
188	PR_055	(0)	18	0.021	0.979
189	PR_056	(0)	18	0.043	0.957
190	PR_057	(0)	18	0.084	0.916
191	Sedh_001	(0)	19	0.591	0.409
192	Sedh_003	(0)	19	0.999	0.001
193	Sedh_004	(1)	19	1.000	0.000
194	Sedh_005	(0)	19	0.557	0.443
195	Sedh_006	(1)	19	1.000	0.000
196	Sedh_007	(1)	19	0.963	0.037
197	Sedh_009	(1)	19	1.000	0.000
198	Sedh_010	(3)	19	0.987	0.013
199	Sedh_011	(0)	19	0.680	0.320
200	Sedh_012	(1)	19	1.000	0.000
201	Sedh_013	(1)	19	0.761	0.239
202	Sedh_02	(0)	19	0.998	0.002
203	TH_01	(0)	20	0.000	1.000
204	TH_02	(0)	20	0.001	0.999
205	TH_03	(0)	20	0.000	1.000
206	TH_04	(0)	20	0.000	1.000
207	TH_05	(0)	20	0.000	1.000
208	TH_06	(0)	20	0.000	1.000
209	TH_07	(0)	20	0.000	1.000
210	TH_08	(0)	20	0.000	1.000
211	TH_09	(2)	20	0.002	0.998
212	TH_10	(0)	20	0.000	1.000
213	TH_11	(0)	20	0.000	1.000
214	TapaN_001	(1)	21	0.026	0.974
215	TapaN_002	(0)	21	0.029	0.971
216	TapaN_003	(0)	21	0.035	0.965
217	TapaN_004	(0)	21	0.043	0.957
218	TapaN_005	(0)	21	0.046	0.954
219	TapaN_006	(2)	21	0.078	0.922
220	TapaN_007	(0)	21	0.065	0.935
221	TapaN_008	(0)	21	0.030	0.970
222	TapaN_009	(0)	21	0.079	0.921
223	TapaN_010	(1)	21	0.038	0.962
224	TapaN_011	(0)	21	0.021	0.979
225	TapaN_012	(0)	21	0.058	0.942
226	Tucs_01	(0)	22	0.195	0.805
227	Tucs_02	(0)	22	0.313	0.687
228	Tucs_03	(0)	22	0.160	0.840
229	Tucs_04	(0)	22	0.235	0.765
230	Tucs_05	(0)	22	0.186	0.814
231	Tucs_06	(0)	22	0.155	0.845
232	Tucs_07	(0)	22	0.133	0.867
233	Tucs_08	(1)	22	0.168	0.832
234	Tucs_09	(0)	22	0.172	0.828
235	Tucs_10	(0)	22	0.180	0.820
236	Tucs_11	(0)	22	0.224	0.776
237	Tucs_12	(0)	22	0.131	0.869
